90647
90648
90651
90652
90653
90654
90657
90658
90671
90672
90673
90674
90675
90678
90681
90682
90683
90684
90685
90687
90712
90713
90714
90715
90716
90718
90721
90723
90724
90725
90726
90728
90731
90732
90734
90735
90736
90738
90741
90742
90743
90745
90746
90748
90751
90752
90753
90754
90756
90758
90761
90762
90763
90764
90765
90768
90781
90782
90783
90784
90785
90786
90812
90813
90814
90815
90816
90817
90821
90823
90824
90825
90826
90827
90831
90832
90834
90835
90836
90837
90841
90842
90843
90845
90846
90847
90851
90852
90853
90854
90856
90857
90861
90862
90863
90864
90865
90867
90871
90872
90873
90874
90875
90876
90645
90643
90642
90641
90638
90637
90635
90634
90632
90631
90628
90627
90625
