12345
12354
12435
12453
12534
12543
13245
13254
13425
13452
13524
13542
14235
14253
14325
14352
14523
14532
15234
15243
15324
15342
15423
15432
21345
21354
21435
21453
21534
21543
23145
23154
23415
23451
23514
23541
24135
24153
24315
24351
24513
24531
25134
25143
25314
25341
25413
25431
31245
31254
31425
31452
31524
31542
32145
32154
32415
32451
32514
32541
34125
34152
34215
34251
34512
34521
35124
35142
35214
35241
35412
35421
41235
41253
41325
41352
41523
41532
42135
42153
42315
42351
42513
42531
43125
43152
43215
43251
43512
43521
45123
45132
45213
45231
45312
45321
51234
51243
51324
51342
51423
51432
52134
52143
52314
52341
52413
52431
53124
53142
53214
53241
53412
53421
54123
54132
54213
54231
54312
54321
12345
12346
12347
12348
12349
12354
12356
12357
12358
12359
12364
12365
12367
12368
12369
12374
12375
12376
12378
12379
12384
12385
12386
12387
12389
12394
12395
12396
12397
12398
12435
12436
12437
12438
12439
12453
12456
12457
12458
12459
12463
12465
12467
12468
12469
12473
12475
12476
12478
12479
12483
12485
12486
12487
12489
12493
12495
12496
12497
12498
12534
12536
12537
12538
12539
12543
12546
12547
12548
12549
12563
12564
12567
12568
12569
12573
12574
12576
12578
12579
12583
12584
12586
12587
12589
12593
12594
12596
12597
12598
12634
12635
12637
12638
12639
12643
12645
12647
12648
12649
12653
12654
12657
12658
12659
12673
12674
12675
12678
12679
12683
12684
12685
12687
12689
12693
12694
12695
12697
12698
12734
12735
12736
12738
12739
12743
12745
12746
12748
12749
12753
12754
12756
12758
12759
12763
12764
12765
12768
12769
12783
12784
12785
12786
12789
12793
12794
12795
12796
12798
12834
12835
12836
12837
12839
12843
12845
12846
12847
12849
12853
12854
12856
12857
12859
12863
12864
12865
12867
12869
12873
12874
12875
12876
12879
12893
12894
12895
12896
12897
12934
12935
12936
12937
12938
12943
12945
12946
12947
12948
12953
12954
12956
12957
12958
12963
12964
12965
12967
12968
12973
12974
12975
12976
12978
12983
12984
12985
12986
12987
13245
13246
13247
13248
13249
13254
13256
13257
13258
13259
13264
13265
13267
13268
13269
13274
13275
13276
13278
13279
13284
13285
13286
13287
13289
13294
13295
13296
13297
13298
13425
13426
13427
13428
13429
13452
13456
13457
13458
13459
13462
13465
13467
13468
13469
13472
13475
13476
13478
13479
13482
13485
13486
13487
13489
13492
13495
13496
13497
13498
13524
13526
13527
13528
13529
13542
13546
13547
13548
13549
13562
13564
13567
13568
13569
13572
13574
13576
13578
13579
13582
13584
13586
13587
13589
13592
13594
13596
13597
13598
13624
13625
13627
13628
13629
13642
13645
13647
13648
13649
13652
13654
13657
13658
13659
13672
13674
13675
13678
13679
13682
13684
13685
13687
13689
13692
13694
13695
13697
13698
13724
13725
13726
13728
13729
13742
13745
13746
13748
13749
13752
13754
13756
13758
13759
13762
13764
13765
13768
13769
13782
13784
13785
13786
13789
13792
13794
13795
13796
13798
13824
13825
13826
13827
13829
13842
13845
13846
13847
13849
13852
13854
13856
13857
13859
13862
13864
13865
13867
13869
13872
13874
13875
13876
13879
13892
13894
13895
13896
13897
13924
13925
13926
13927
13928
13942
13945
13946
13947
13948
13952
13954
13956
13957
13958
13962
13964
13965
13967
13968
13972
13974
13975
13976
13978
13982
13984
13985
13986
13987
14235
14236
14237
14238
14239
14253
14256
14257
14258
14259
14263
14265
14267
14268
14269
14273
14275
14276
14278
14279
14283
14285
14286
14287
14289
14293
14295
14296
14297
14298
14325
14326
14327
14328
14329
14352
14356
14357
14358
14359
14362
14365
14367
14368
14369
14372
14375
14376
14378
14379
14382
14385
14386
14387
14389
14392
14395
14396
14397
14398
14523
14526
14527
14528
14529
14532
14536
14537
14538
14539
14562
14563
14567
14568
14569
14572
14573
14576
14578
14579
14582
14583
14586
14587
14589
14592
14593
14596
14597
14598
14623
14625
14627
14628
14629
14632
14635
14637
14638
14639
14652
14653
14657
14658
14659
14672
14673
14675
14678
14679
14682
14683
14685
14687
14689
14692
14693
14695
14697
14698
14723
14725
14726
14728
14729
14732
14735
14736
14738
14739
14752
14753
14756
14758
14759
14762
14763
14765
14768
14769
14782
14783
14785
14786
14789
14792
14793
14795
14796
14798
14823
14825
14826
14827
14829
14832
14835
14836
14837
14839
14852
14853
14856
14857
14859
14862
14863
14865
14867
14869
14872
14873
14875
14876
14879
14892
14893
14895
14896
14897
14923
14925
14926
14927
14928
14932
14935
14936
14937
14938
14952
14953
14956
14957
14958
14962
14963
14965
14967
14968
14972
14973
14975
14976
14978
14982
14983
14985
14986
14987
15234
15236
15237
15238
15239
15243
15246
15247
15248
15249
15263
15264
15267
15268
15269
15273
15274
15276
15278
15279
15283
15284
15286
15287
15289
15293
15294
15296
15297
15298
15324
15326
15327
15328
15329
15342
15346
15347
15348
15349
15362
15364
15367
15368
15369
15372
15374
15376
15378
15379
15382
15384
15386
15387
15389
15392
15394
15396
15397
15398
15423
15426
15427
15428
15429
15432
15436
15437
15438
15439
15462
15463
15467
15468
15469
15472
15473
15476
15478
15479
15482
15483
15486
15487
15489
15492
15493
15496
15497
15498
15623
15624
15627
15628
15629
15632
15634
15637
15638
15639
15642
15643
15647
15648
15649
15672
15673
15674
15678
15679
15682
15683
15684
15687
15689
15692
15693
15694
15697
15698
15723
15724
15726
15728
15729
15732
15734
15736
15738
15739
15742
15743
15746
15748
15749
15762
15763
15764
15768
15769
15782
15783
15784
15786
15789
15792
15793
15794
15796
15798
15823
15824
15826
15827
15829
15832
15834
15836
15837
15839
15842
15843
15846
15847
15849
15862
15863
15864
15867
15869
15872
15873
15874
15876
15879
15892
15893
15894
15896
15897
15923
15924
15926
15927
15928
15932
15934
15936
15937
15938
15942
15943
15946
15947
15948
15962
15963
15964
15967
15968
15972
15973
15974
15976
15978
15982
15983
15984
15986
15987
16234
16235
16237
16238
16239
16243
16245
16247
16248
16249
16253
16254
16257
16258
16259
16273
16274
16275
16278
16279
16283
16284
16285
16287
16289
16293
16294
16295
16297
16298
16324
16325
16327
16328
16329
16342
16345
16347
16348
16349
16352
16354
16357
16358
16359
16372
16374
16375
16378
16379
16382
16384
16385
16387
16389
16392
16394
16395
16397
16398
16423
16425
16427
16428
16429
16432
16435
16437
16438
16439
16452
16453
16457
16458
16459
16472
16473
16475
16478
16479
16482
16483
16485
16487
16489
16492
16493
16495
16497
16498
16523
16524
16527
16528
16529
16532
16534
16537
16538
16539
16542
16543
16547
16548
16549
16572
16573
16574
16578
16579
16582
16583
16584
16587
16589
16592
16593
16594
16597
16598
16723
16724
16725
16728
16729
16732
16734
16735
16738
16739
16742
16743
16745
16748
16749
16752
16753
16754
16758
16759
16782
16783
16784
16785
16789
16792
16793
16794
16795
16798
16823
16824
16825
16827
16829
16832
16834
16835
16837
16839
16842
16843
16845
16847
16849
16852
16853
16854
16857
16859
16872
16873
16874
16875
16879
16892
16893
16894
16895
16897
16923
16924
16925
16927
16928
16932
16934
16935
16937
16938
16942
16943
16945
16947
16948
16952
16953
16954
16957
16958
16972
16973
16974
16975
16978
16982
16983
16984
16985
16987
17234
17235
17236
17238
17239
17243
17245
17246
17248
17249
17253
17254
17256
17258
17259
17263
17264
17265
17268
17269
17283
17284
17285
17286
17289
17293
17294
17295
17296
17298
17324
17325
17326
17328
17329
17342
17345
17346
17348
17349
17352
17354
17356
17358
17359
17362
17364
17365
17368
17369
17382
17384
17385
17386
17389
17392
17394
17395
17396
17398
17423
17425
17426
17428
17429
17432
17435
17436
17438
17439
17452
17453
17456
17458
17459
17462
17463
17465
17468
17469
17482
17483
17485
17486
17489
17492
17493
17495
17496
17498
17523
17524
17526
17528
17529
17532
17534
17536
17538
17539
17542
17543
17546
17548
17549
17562
17563
17564
17568
17569
17582
17583
17584
17586
17589
17592
17593
17594
17596
17598
17623
17624
17625
17628
17629
17632
17634
17635
17638
17639
17642
17643
17645
17648
17649
17652
17653
17654
17658
17659
17682
17683
17684
17685
17689
17692
17693
17694
17695
17698
17823
17824
17825
17826
17829
17832
17834
17835
17836
17839
17842
17843
17845
17846
17849
17852
17853
17854
17856
17859
17862
17863
17864
17865
17869
17892
17893
17894
17895
17896
17923
17924
17925
17926
17928
17932
17934
17935
17936
17938
17942
17943
17945
17946
17948
17952
17953
17954
17956
17958
17962
17963
17964
17965
17968
17982
17983
17984
17985
17986
18234
18235
18236
18237
18239
18243
18245
18246
18247
18249
18253
18254
18256
18257
18259
18263
18264
18265
18267
18269
18273
18274
18275
18276
18279
18293
18294
18295
18296
18297
18324
18325
18326
18327
18329
18342
18345
18346
18347
18349
18352
18354
18356
18357
18359
18362
18364
18365
18367
18369
18372
18374
18375
18376
18379
18392
18394
18395
18396
18397
18423
18425
18426
18427
18429
18432
18435
18436
18437
18439
18452
18453
18456
18457
18459
18462
18463
18465
18467
18469
18472
18473
18475
18476
18479
18492
18493
18495
18496
18497
18523
18524
18526
18527
18529
18532
18534
18536
18537
18539
18542
18543
18546
18547
18549
18562
18563
18564
18567
18569
18572
18573
18574
18576
18579
18592
18593
18594
18596
18597
18623
18624
18625
18627
18629
18632
18634
18635
18637
18639
18642
18643
18645
18647
18649
18652
18653
18654
18657
18659
18672
18673
18674
18675
18679
18692
18693
18694
18695
18697
18723
18724
18725
18726
18729
18732
18734
18735
18736
18739
18742
18743
18745
18746
18749
18752
18753
18754
18756
18759
18762
18763
18764
18765
18769
18792
18793
18794
18795
18796
18923
18924
18925
18926
18927
18932
18934
18935
18936
18937
18942
18943
18945
18946
18947
18952
18953
18954
18956
18957
18962
18963
18964
18965
18967
18972
18973
18974
18975
18976
19234
19235
19236
19237
19238
19243
19245
19246
19247
19248
19253
19254
19256
19257
19258
19263
19264
19265
19267
19268
19273
19274
19275
19276
19278
19283
19284
19285
19286
19287
19324
19325
19326
19327
19328
19342
19345
19346
19347
19348
19352
19354
19356
19357
19358
19362
19364
19365
19367
19368
19372
19374
19375
19376
19378
19382
19384
19385
19386
19387
19423
19425
19426
19427
19428
19432
19435
19436
19437
19438
19452
19453
19456
19457
19458
19462
19463
19465
19467
19468
19472
19473
19475
19476
19478
19482
19483
19485
19486
19487
19523
19524
19526
19527
19528
19532
19534
19536
19537
19538
19542
19543
19546
19547
19548
19562
19563
19564
19567
19568
19572
19573
19574
19576
19578
19582
19583
19584
19586
19587
19623
19624
19625
19627
19628
19632
19634
19635
19637
19638
19642
19643
19645
19647
19648
19652
19653
19654
19657
19658
19672
19673
19674
19675
19678
19682
19683
19684
19685
19687
19723
19724
19725
19726
19728
19732
19734
19735
19736
19738
19742
19743
19745
19746
19748
19752
19753
19754
19756
19758
19762
19763
19764
19765
19768
19782
19783
19784
19785
19786
19823
19824
19825
19826
19827
19832
19834
19835
19836
19837
19842
19843
19845
19846
19847
19852
19853
19854
19856
19857
19862
19863
19864
19865
19867
19872
19873
19874
19875
19876
21345
21346
21347
21348
21349
21354
21356
21357
21358
21359
21364
21365
21367
21368
21369
21374
21375
21376
21378
21379
21384
21385
21386
21387
21389
21394
21395
21396
21397
21398
21435
21436
21437
21438
21439
21453
21456
21457
21458
21459
21463
21465
21467
21468
21469
21473
21475
21476
21478
21479
21483
21485
21486
21487
21489
21493
21495
21496
21497
21498
21534
21536
21537
21538
21539
21543
21546
21547
21548
21549
21563
21564
21567
21568
21569
21573
21574
21576
21578
21579
21583
21584
21586
21587
21589
21593
21594
21596
21597
21598
21634
21635
21637
21638
21639
21643
21645
21647
21648
21649
21653
21654
21657
21658
21659
21673
21674
21675
21678
21679
21683
21684
21685
21687
21689
21693
21694
21695
21697
21698
21734
21735
21736
21738
21739
21743
21745
21746
21748
21749
21753
21754
21756
21758
21759
21763
21764
21765
21768
21769
21783
21784
21785
21786
21789
21793
21794
21795
21796
21798
21834
21835
21836
21837
21839
21843
21845
21846
21847
21849
21853
21854
21856
21857
21859
21863
21864
21865
21867
21869
21873
21874
21875
21876
21879
21893
21894
21895
21896
21897
21934
21935
21936
21937
21938
21943
21945
21946
21947
21948
21953
21954
21956
21957
21958
21963
21964
21965
21967
21968
21973
21974
21975
21976
21978
21983
21984
21985
21986
21987
23145
23146
23147
23148
23149
23154
23156
23157
23158
23159
23164
23165
23167
23168
23169
23174
23175
23176
23178
23179
23184
23185
23186
23187
23189
23194
23195
23196
23197
23198
23415
23416
23417
23418
23419
23451
23456
23457
23458
23459
23461
23465
23467
23468
23469
23471
23475
23476
23478
23479
23481
23485
23486
23487
23489
23491
23495
23496
23497
23498
23514
23516
23517
23518
23519
23541
23546
23547
23548
23549
23561
23564
23567
23568
23569
23571
23574
23576
23578
23579
23581
23584
23586
23587
23589
23591
23594
23596
23597
23598
23614
23615
23617
23618
23619
23641
23645
23647
23648
23649
23651
23654
23657
23658
23659
23671
23674
23675
23678
23679
23681
23684
23685
23687
23689
23691
23694
23695
23697
23698
23714
23715
23716
23718
23719
23741
23745
23746
23748
23749
23751
23754
23756
23758
23759
23761
23764
23765
23768
23769
23781
23784
23785
23786
23789
23791
23794
23795
23796
23798
23814
23815
23816
23817
23819
23841
23845
23846
23847
23849
23851
23854
23856
23857
23859
23861
23864
23865
23867
23869
23871
23874
23875
23876
23879
23891
23894
23895
23896
23897
23914
23915
23916
23917
23918
23941
23945
23946
23947
23948
23951
23954
23956
23957
23958
23961
23964
23965
23967
23968
23971
23974
23975
23976
23978
23981
23984
23985
23986
23987
24135
24136
24137
24138
24139
24153
24156
24157
24158
24159
24163
24165
24167
24168
24169
24173
24175
24176
24178
24179
24183
24185
24186
24187
24189
24193
24195
24196
24197
24198
24315
24316
24317
24318
24319
24351
24356
24357
24358
24359
24361
24365
24367
24368
24369
24371
24375
24376
24378
24379
24381
24385
24386
24387
24389
24391
24395
24396
24397
24398
24513
24516
24517
24518
24519
24531
24536
24537
24538
24539
24561
24563
24567
24568
24569
24571
24573
24576
24578
24579
24581
24583
24586
24587
24589
24591
24593
24596
24597
24598
24613
24615
24617
24618
24619